7.824268463706327559e-01 5.164827528831499315e-01 5.548213791592523370e-01 2.632231666668001235e-01 9.544652317901506366e-01 7.206224503275007187e-01 7.663912508237136212e-02 8.752772870335641109e-01 7.591433864435580547e-01 5.192737321426067476e-01 8.028586536689202857e-01
5.074501767747539027e-01 1.793430569324142576e-01 1.495802525866892774e-01 3.790021733887358746e-01 5.975293021824013007e-02 6.236488014119423440e-01 3.571297892753936276e-01 2.160807419809135377e-01 1.285963821577720267e-01 9.400100465642053926e-01 3.270544624786076993e-01
6.030676439733629879e-01 2.417290219185257438e-01 7.529196345094687493e-01 9.210201719063565440e-01 6.617077979058199055e-01 4.421468451952170753e-02 8.384123260633368213e-01 9.640727818377488045e-01 6.498032742516893778e-01 2.450405801425531438e-01 6.028092146909427296e-01
9.083519263632746643e-01 1.607276928973460084e-01 6.688461150320004212e-01 9.056060611215696055e-01 6.446343932274369859e-01 8.231385138164475368e-01 6.540530353536816444e-01 5.637156623940617894e-01 1.858275089518609535e-01 6.326137388061494615e-01 5.017054771652103007e-01
4.063487713109877886e-01 8.963607185614183015e-01 8.112586570608544267e-01 5.734376263317337852e-01 1.200305878541622073e-01 7.200103607285485152e-01 7.850963065894067672e-02 2.066102171755804795e-01 9.108529007951424727e-01 2.344709694824199664e-01 6.435940739321410753e-01
3.376136580606169391e-01 3.132522063105058763e-02 1.286784688649729169e-01 6.524266785065480079e-02 1.269757488114087174e-03 7.733986253824254309e-02 1.310384921352262255e-01 5.074403805290581548e-01 4.112963707890725518e-01 1.585435138746086325e-01 2.954386882059736319e-01
8.763008053695110489e-01 7.837903356807859323e-01 6.905086449290356310e-01 2.329085624057073423e-01 1.229180708908238495e-01 9.763522842116073575e-01 5.145362950224363630e-01 3.001151443798555363e-02 2.722092051202716911e-01 8.940975533128081576e-01 3.717907138669759304e-01
3.554669845970414022e-01 4.460772062482565303e-02 2.297235386962565018e-01 3.987634187447938183e-01 7.085711035082411513e-01 8.411928023117538622e-01 2.876885816327356959e-02 7.816100753603461015e-01 1.144200745601459124e-01 4.157875683875498218e-01 3.596409067887814670e-01
9.927964204554839966e-01 5.675754628126091772e-01 4.630413182862685995e-01 7.554290706253405929e-01 1.435217002846732592e-01 1.611866009977869219e-01 5.926845633717392481e-02 1.088043371767378753e-01 8.022335363883459358e-01 4.167658733980250663e-02 2.863605807491134136e-01
9.189451634008608538e-01 9.284100544653539622e-01 5.660180020561741410e-01 7.277880279181411227e-01 8.671642937980306165e-02 8.465200460441938413e-01 6.079269194268680510e-01 8.005776102247484927e-01 9.064905001277665519e-01 1.839261838093227963e-01 9.968985092530986414e-01
